2.082615182576863390e+03 1.764637378919387265e+04 7.327240928307862952e+06
3.229209143130154871e+02 1.833798663039470557e+04 7.320065860727948137e+06
8.483641425226516048e+02 1.970175057514920627e+04 7.319239170664778911e+06
-5.752130027875675751e+02 2.653534917543522170e+04 7.319439406346297823e+06
-3.066581297788546181e+03 1.830514940685902911e+04 7.327206118944412097e+06
2.622524923060281708e+03 2.137465638847527316e+01 7.304814971296997741e+06
5.048191457677982612e+02 1.174748380479750125e+02 7.296374986586519517e+06
4.948219256325305651e+03 1.966843522599684320e+03 7.295556314187633805e+06
2.193333775213750778e+04 -4.045237249379274726e+04 7.294585768479641527e+06
-4.734119007003609113e+03 6.713100232124597824e+02 7.304789022603900172e+06
2.178204675434024921e+03 -1.762475853923241084e+04 7.327240626541397534e+06
5.994627395403445007e+02 -1.825844393577678784e+04 7.320063439233048819e+06
6.032861799161315503e+03 -1.934109104896396457e+04 7.319319989382497966e+06
7.719737338209939480e+04 1.974091731154587469e+05 7.309113439429056831e+06
-5.629692276421847964e+03 -1.806100043611641740e+04 7.327201585788454860e+06
