-2.000000186015960324e+01 -4.999992908733721819e+00 1.499672600788144905e+00 -7.209990513552923837e-06 9.279345173773802396e-06 7.093595161957297858e-06 9.999999999057949118e-01
-1.000013760706991839e+01 -5.000021792357761008e+00 1.499736745703873053e+00 1.535419471206594128e-05 -2.069260323289569728e-05 -4.857847131335426519e-05 9.999999984880950654e-01
2.540338625884440036e-04 -5.000537174726629175e+00 1.499700927391929062e+00 4.868134509180432499e-05 3.037925041815207054e-05 1.358745671782220508e-06 9.999999983526894898e-01
9.999797562690211805e+00 -4.997713425053144753e+00 1.499714167377704133e+00 -2.176556154306689397e-04 -4.776313597274931899e-05 -5.658767714297097991e-05 9.999999735712734594e-01
1.999990810642838568e+01 -4.999950527895832053e+00 1.499677720043491425e+00 -1.022829810950335504e-06 -2.608149454355161441e-05 -4.027848959740018846e-06 9.999999996512415334e-01
-2.000005136136758921e+01 1.693452099695495994e-05 1.499680924956925621e+00 -1.733606612775437344e-06 -9.269950639760264120e-06 1.900789520882692452e-05 9.999999997748814096e-01
-1.000070573818667796e+01 -1.072058557515246507e-03 1.502618208159216318e+00 -1.887942219603459424e-03 2.832487106146548434e-04 3.265767824585173024e-05 9.999981771872493708e-01
4.351023420198652653e-04 -1.898103386536213353e-03 1.499633687530946835e+00 2.531966102477604388e-04 1.672775432949863558e-05 -2.720975616390657877e-05 9.999999674356427892e-01
9.996494207678196631e+00 1.256214813345156618e-02 1.500968722262788102e+00 -1.860799054753466955e-03 -3.838798539336257440e-04 -1.362625877505019940e-03 9.999972666531913301e-01
1.999983708982298225e+01 -2.935410009770885616e-05 1.499684274382900417e+00 1.137260944347197504e-05 -1.156842868447910252e-05 1.520255216245827091e-05 9.999999997528573603e-01
-2.000112860918449442e+01 5.000379236745216005e+00 1.499701266865642868e+00 -2.733020220015811057e-05 -1.672179838046901877e-04 1.077529443073758594e-04 9.999999798402519069e-01
-1.005045140958396210e+01 5.065934217765854619e+00 1.058890331513070659e+00 -6.817293506544038796e-03 5.705870263909933182e-02 1.687890749918815811e-02 9.982048544482343688e-01
-5.810432966164703721e-04 5.000007501313488589e+00 1.499073144154624559e+00 1.015594421184810479e-04 -7.488951876094124803e-05 -3.854560823601610670e-04 9.999999177504207415e-01
1.004811413205935722e+01 4.996158953818359727e+00 1.483935925199085348e+00 4.356679094608290406e-03 1.292638043986405437e-02 -2.736830289429529120e-02 9.995323426646479659e-01
1.999910082326521987e+01 4.999995884052448325e+00 1.499689748474790640e+00 1.996153314170179057e-05 -1.103377384644815650e-04 1.437355545846982926e-04 9.999999833836052954e-01
