-3.099999999999978684e+01 -3.099999999999977973e+01 5.472072389912954193e+00
-3.100000000000000000e+01 -2.850000000000000000e+01 5.472072392104323058e+00
-3.100000000000000000e+01 -2.500000000000000000e+01 5.472072392104337268e+00
-3.100000000000000000e+01 -1.500000000000000000e+01 5.472072392104337268e+00
-3.100000000000000000e+01 -5.000000000000000000e+00 5.472072392104323058e+00
-3.100000000000000000e+01 5.000000000000000000e+00 5.472072392104294636e+00
-3.100000000000000000e+01 1.500000000000000000e+01 5.472072392104308847e+00
-3.100000000000000000e+01 2.500000000000000000e+01 5.472072392104308847e+00
-3.100000000000000000e+01 2.850000000000000000e+01 5.472072392104308847e+00
-3.100000000000070344e+01 3.099999999999826983e+01 5.472072389902127298e+00
-2.850000000000000000e+01 -3.100000000000000000e+01 5.472072392104308847e+00
-2.850000000000004263e+01 -2.850000000000004263e+01 1.437979244425034153e+01
-2.850000000000000000e+01 -2.500000000000000000e+01 1.437979243450402578e+01
-2.850000000000000000e+01 -1.500000000000000000e+01 1.437979243450413946e+01
-2.850000000000000000e+01 -5.000000000000000000e+00 1.437979243450406841e+01
-2.850000000000000000e+01 5.000000000000000000e+00 1.437979243450385525e+01
-2.850000000000000000e+01 1.500000000000000000e+01 1.437979243450382683e+01
-2.850000000000000000e+01 2.500000000000000000e+01 1.437979243450382683e+01
-2.850000000000148148e+01 2.849999999999954881e+01 1.437979244424309400e+01
-2.850000000000000000e+01 3.100000000000000000e+01 5.472072392083049408e+00
-2.500000000000000000e+01 -3.100000000000000000e+01 5.472072392104308847e+00
-2.500000000000000000e+01 -2.850000000000000000e+01 1.437979243450382683e+01
-2.500000000000013856e+01 -2.500000000000013500e+01 1.862783942855185160e+01
-2.500000000000000000e+01 -1.500000000000000000e+01 1.862783941626611295e+01
-2.500000000000000000e+01 -5.000000000000000000e+00 1.862783941626611295e+01
-2.500000000000000000e+01 5.000000000000000000e+00 1.862783941626611295e+01
-2.500000000000000000e+01 1.500000000000000000e+01 1.862783941626611295e+01
-2.500000000000217426e+01 2.500000000000000355e+01 1.862783942854930785e+01
-2.500000000000000000e+01 2.850000000000000000e+01 1.437979243449289868e+01
-2.500000000000000000e+01 3.100000000000000000e+01 5.472072392083049408e+00
-1.500000000000000000e+01 -3.100000000000000000e+01 5.472072392104308847e+00
-1.500000000000000000e+01 -2.850000000000000000e+01 1.437979243450382683e+01
-1.500000000000000000e+01 -2.500000000000000000e+01 1.862783941626611295e+01
-1.499999999999948130e+01 -1.499999999999947953e+01 2.291063431772143133e+01
-1.500000000000000000e+01 -5.000000000000000000e+00 2.291063432100885677e+01
-1.500000000000000000e+01 5.000000000000000000e+00 2.291063432100895625e+01
-1.499999999999970157e+01 1.499999999999722711e+01 2.291063431772127501e+01
-1.500000000000000000e+01 2.500000000000000000e+01 1.862783941626254602e+01
-1.500000000000000000e+01 2.850000000000000000e+01 1.437979243449289868e+01
-1.500000000000000000e+01 3.100000000000000000e+01 5.472072392083035197e+00
-5.000000000000000000e+00 -3.100000000000000000e+01 5.472072392104294636e+00
-5.000000000000000000e+00 -2.850000000000000000e+01 1.437979243450385525e+01
-5.000000000000000000e+00 -2.500000000000000000e+01 1.862783941626611295e+01
-5.000000000000000000e+00 -1.500000000000000000e+01 2.291063432100885677e+01
-4.999999999999703348e+00 -4.999999999999702460e+00 2.585292366278899578e+01
-4.999999999999126032e+00 4.999999999999127809e+00 2.585292366278922671e+01
-5.000000000000000000e+00 1.500000000000000000e+01 2.291063432100767727e+01
-5.000000000000000000e+00 2.500000000000000000e+01 1.862783941626254602e+01
-5.000000000000000000e+00 2.850000000000000000e+01 1.437979243449288447e+01
-5.000000000000000000e+00 3.100000000000000000e+01 5.472072392083020986e+00
5.000000000000000000e+00 -3.100000000000000000e+01 5.472072392104294636e+00
5.000000000000000000e+00 -2.850000000000000000e+01 1.437979243450388367e+01
5.000000000000000000e+00 -2.500000000000000000e+01 1.862783941626611295e+01
5.000000000000000000e+00 -1.500000000000000000e+01 2.291063432100885677e+01
4.999999999999126032e+00 -4.999999999999127809e+00 2.585292366278922671e+01
4.999999999999127809e+00 4.999999999999126032e+00 2.585292366278922671e+01
5.000000000000000000e+00 1.500000000000000000e+01 2.291063432100767727e+01
5.000000000000000000e+00 2.500000000000000000e+01 1.862783941626254602e+01
5.000000000000000000e+00 2.850000000000000000e+01 1.437979243449288447e+01
5.000000000000000000e+00 3.100000000000000000e+01 5.472072392083035197e+00
1.500000000000000000e+01 -3.100000000000000000e+01 5.472072392104294636e+00
1.500000000000000000e+01 -2.850000000000000000e+01 1.437979243450388367e+01
1.500000000000000000e+01 -2.500000000000000000e+01 1.862783941626611295e+01
1.499999999999722533e+01 -1.499999999999970335e+01 2.291063431772127501e+01
1.500000000000000000e+01 -5.000000000000000000e+00 2.291063432100735042e+01
1.500000000000000000e+01 5.000000000000000000e+00 2.291063432100735042e+01
1.499999999999846878e+01 1.499999999999846878e+01 2.291063431772041170e+01
1.500000000000000000e+01 2.500000000000000000e+01 1.862783941626254602e+01
1.500000000000000000e+01 2.850000000000000000e+01 1.437979243449288447e+01
1.500000000000000000e+01 3.100000000000000000e+01 5.472072392083035197e+00
2.500000000000000000e+01 -3.100000000000000000e+01 5.472072392104294636e+00
2.500000000000000000e+01 -2.850000000000000000e+01 1.437979243450384104e+01
2.500000000000000000e+01 -2.500000000000217426e+01 1.862783942854930785e+01
2.500000000000000000e+01 -1.500000000000000000e+01 1.862783941626254602e+01
2.500000000000000000e+01 -5.000000000000000000e+00 1.862783941626254602e+01
2.500000000000000000e+01 5.000000000000000000e+00 1.862783941626254602e+01
2.500000000000000000e+01 1.500000000000000000e+01 1.862783941626254602e+01
2.500000000000108713e+01 2.500000000000108358e+01 1.862783942854795782e+01
2.500000000000000000e+01 2.850000000000000000e+01 1.437979243449288447e+01
2.500000000000000000e+01 3.100000000000000000e+01 5.472072392083020986e+00
2.850000000000000000e+01 -3.100000000000000000e+01 5.472072392104294636e+00
2.849999999999954525e+01 -2.850000000000148859e+01 1.437979244424309400e+01
2.850000000000000000e+01 -2.500000000000000000e+01 1.437979243449288447e+01
2.850000000000000000e+01 -1.500000000000000000e+01 1.437979243449288447e+01
2.850000000000000000e+01 -5.000000000000000000e+00 1.437979243449288447e+01
2.850000000000000000e+01 5.000000000000000000e+00 1.437979243449288447e+01
2.850000000000000000e+01 1.500000000000000000e+01 1.437979243449289868e+01
2.850000000000000000e+01 2.500000000000000000e+01 1.437979243449289868e+01
2.850000000000051870e+01 2.850000000000051514e+01 1.437979244423822145e+01
2.850000000000000000e+01 3.100000000000000000e+01 5.472072392083020986e+00
3.099999999999826628e+01 -3.100000000000071054e+01 5.472072389902127298e+00
3.100000000000000000e+01 -2.850000000000000000e+01 5.472072392083020986e+00
3.100000000000000000e+01 -2.500000000000000000e+01 5.472072392083020986e+00
3.100000000000000000e+01 -1.500000000000000000e+01 5.472072392083035197e+00
3.100000000000000000e+01 -5.000000000000000000e+00 5.472072392083035197e+00
3.100000000000000000e+01 5.000000000000000000e+00 5.472072392083020986e+00
3.100000000000000000e+01 1.500000000000000000e+01 5.472072392083035197e+00
3.100000000000000000e+01 2.500000000000000000e+01 5.472072392083049408e+00
3.100000000000000000e+01 2.850000000000000000e+01 5.472072392083049408e+00
3.099999999999950262e+01 3.099999999999949907e+01 5.472072389888028354e+00
